current_time: 0.5428597306557996 Gyr
domain_dimensions: [32 32 32]
domain_left_edge: [0. 0. 0.] code_length
domain_right_edge: [1. 1. 1.] code_length
cosmological_simulation: True
current_redshift: 9.28818606092518
omega_lambda: 0.730000019073486
omega_matter: 0.270000010728836
omega_radiation: 0.0
hubble_constant: 0.7
